1 50
2 50
3 50
4 100
5 100
6 100
7 150
8 150
9 150
10 150
11 200
12 200
13 200

1 250
2 250
3 250
4 250
5 250
6 500
7 500
8 500
9 500
10 500
11 750
12 750
13 750
14 750
15 750
16 750
17 1000


15               161   6
5                214   6
5                113   6
5                160   6
20               104   6
40               132   11
30               0     12
5                0     15
30               0     21
80               0     17
100              4000  8
15               161   6


